195

33.942    54.1451    12.7385
34.8805    54.6049    12.9678
33.5705    54.6675    11.8992
39.0446    32.9925    47.8293
39.6333    32.1546    47.9085
38.2064    32.389    47.8978
44.8539    24.529    21.3963
45.8667    24.5388    21.682
44.3275    25.1709    22.023
62.2236    23.2767    44.5269
61.4299    23.6898    45.0582
61.8275    22.985    43.5499
49.1509    33.9272    47.1137
48.3684    33.2738    47.1484
49.4295    34.162    46.2113
48.3301    34.3719    50.8685
48.3001    35.4369    51.0344
47.4961    34.1032    50.3989
44.4991    21.2996    34.8501
43.99    21.3245    33.9491
43.8522    21.447    35.5754
39.965    7.01548    11.2096
40.949    6.66329    11.3826
39.4655    6.64868    12.0361
53.0641    45.2503    109.711
52.4096    44.6881    110.244
53.7512    45.5486    110.402
38.8305    51.4777    79.9428
39.4808    51.6325    80.7421
37.847    51.6612    80.2782
43.2676    5.61719    95.1572
43.7712    4.75787    95.1108
43.1153    5.93881    96.1366
38.8834    24.8455    85.797
38.8213    24.2999    86.6205
39.0103    24.206    85.0241
48.8626    18.8224    86.8915
49.562    18.8741    87.6794
48.2891    19.6485    86.8554
59.9158    113.929    20.5712
59.7383    114.858    20.0865
59.1774    113.813    21.3587
41.6488    80.3966    27.1843
40.8017    80.8608    26.7613
41.5122    79.4006    27.1675
48.2505    95.0587    16.2013
48.4323    94.1617    15.685
48.0913    94.9085    17.2353
48.9451    106.314    33.143
48.6403    105.375    33.3931
49.4809    106.293    32.2769
39.871    94.0176    62.3561
40.9107    94.097    62.3688
39.3771    94.9515    62.6508
39.5917    88.5261    79.0251
40.576    88.3914    79.2168
39.1968    88.9188    79.8786
64.1878    72.2225    86.4616
63.298    72.6687    86.672
64.0449    71.4398    85.8009
62.6884    93.7413    75.5908
63.3281    93.9063    74.8088
63.1212    94.2151    76.3795
73.2087    42.6364    48.6676
74.237    42.5159    48.8159
72.8562    43.4486    49.1749
77.882    41.1902    53.6885
77.4888    40.3971    53.2148
78.6927    40.7356    54.0852
94.9352    43.6924    58.5669
95.5815    44.38    58.8963
94.9456    43.7377    57.5313
113.405    46.3019    66.9458
113.146    46.9564    66.1917
114.033    45.5168    66.7755
116.283    48.1198    9.54778
117.053    48.0307    8.87214
116.729    48.0818    10.4451
112.666    53.9147    75.682
113.304    53.9486    74.7998
112.877    53.0611    76.12
117.953    40.8096    86.4227
117.996    41.1833    87.4179
118.234    39.8325    86.3507
96.2526    56.4926    85.6835
95.693    55.7617    86.0111
97.2359    56.3522    85.9714
122.326    39.4377    107.736
121.675    39.9357    108.366
123.324    39.6378    107.91
94.9464    84.2151    54.3701
95.0624    84.1082    53.347
94.0242    83.8511    54.6637
79.4237    84.514    64.4442
80.1031    83.8938    63.9951
78.6864    84.7204    63.7987
103.469    93.9237    9.20344
103.865    94.1871    10.1243
103.132    94.7487    8.72332
121.371    93.0672    11.5505
120.684    93.1554    12.3291
121.54    94.0065    11.3174
81.6269    110.028    36.9235
81.3526    109.15    36.484
80.788    110.691    36.9164
77.8024    99.8852    18.5692
78.6221    99.6254    19.1498
77.2192    100.453    19.1702
97.0261    85.8393    108.197
97.4846    86.7463    108.358
97.7451    85.1002    108.425
77.5377    77.8976    112.308
77.8586    76.9464    112.158
76.9509    78.0411    113.184
79.8863    113.194    81.1403
79.0419    113.728    80.7031
80.6899    113.801    80.8043
77.4997    111.47    93.2543
76.9925    112.203    92.7203
77.2861    110.543    92.8558
73.7437    88.4311    73.1282
72.8524    88.9108    73.1677
73.6094    87.8925    72.2672
113.284    74.6052    70.6686
113.473    75.6173    70.7169
112.302    74.4899    70.3062
188.287    11.5878    51.9559
188.667    10.8533    51.3813
187.998    11.1849    52.8379
195.357    27.6667    16.9499
196.095    26.9309    16.6902
195.402    28.4453    16.3163
178.259    112.974    47.1035
178.711    113.793    47.4559
177.323    113.143    46.7815
197.978    79.8067    46.7713
197.629    78.8464    47.0415
197.166    80.4457    46.8902
195.431    86.693    74.964
196.183    87.3878    75.2573
194.571    87.0633    75.2869
217.932    54.4033    57.1832
217.263    54.4919    57.9745
218.905    54.3072    57.5232
229.225    58.3184    26.6921
228.795    59.2527    26.9505
228.666    57.5757    27.1889
268.039    11.2169    34.2392
268.242    10.4492    34.9276
268.731    11.9746    34.3668
235.799    53.7914    9.89632
235.279    53.8907    9.06987
236.817    53.7601    9.70613
211.031    50.067    101.415
211.849    49.4454    101.37
210.684    49.9221    102.359
212.445    56.8882    95.592
212.566    57.746    94.987
212.086    57.2334    96.4657
227.045    60.8848    112.066
227.464    60.842    111.138
227.742    61.169    112.822
241.391    46.876    94.0781
240.508    46.3967    94.0136
241.892    46.7577    94.9579
244.529    35.9165    107.849
244.962    34.9424    107.729
245.094    36.2318    108.696
231.103    13.6288    110.307
230.887    12.8178    110.929
232.121    13.7133    110.404
203.115    84.583    53.8627
203.807    84.6015    54.6434
203.47    83.8939    53.1508
202.622    83.9529    43.6771
203.659    83.8817    43.8511
202.502    84.0216    42.6753
228.683    103.43    114.156
229.306    103.639    114.99
229.002    102.495    113.846
257.153    93.3677    107.937
256.169    93.2711    108.182
257.606    94.2379    108.322
210.69    112.416    102.403
209.857    112.38    101.742
210.637    111.479    102.853
275.964    67.9702    98.2648
275.096    67.5388    98.0018
276.569    67.296    98.7421
276.919    73.934    45.2284
276.005    74.4739    45.2131
277.358    74.3355    44.3778
290.762    81.3699    58.3611
290.898    82.2992    58.8362
291.523    80.7354    58.7436
